918.8998833828199
344.88115783641047
857.4937738153791
629.289902722725
582.5223428643308
382.1424263243972
976.6089951232436
555.9153871322604
128.51605650176023
213.05883902358082
224.6554074485484
503.4404424200618
105.53087325512378
561.2118069001444
905.1098339724954
275.9933642535983
29.755816150917603
507.89309537763563
339.9635503680979
912.8397315145515
446.8950769919642
344.5882385239016
950.0095940115169
873.4972671128132
246.6970535548396
903.646334256819
538.0598376620109
545.2930532668174
129.46384180049188
391.9180571731254
861.6880530994079
974.8571131707525
940.423416648607
895.8886761760745
868.7816107905086
419.1757366923736
804.5816459695286
992.9361141514815
320.2875521081846
851.3938977894346
228.72490530997302
47.39943871755203
70.58853534966202
988.9342372847266
413.7982917208221
708.0504190844212
246.47889586760328
363.928297061448
384.86907502352295
571.8316225980235
801.9984402231607
198.68889613356876
868.2307945301013
211.2860642751213
901.0596630373115
146.03620264423012
739.816897277481
554.03398384407
162.72798967706424
427.0092707967365
802.7822657520628
925.1507384557178
250.61382439062618
617.6194930532902
345.52919763515024
554.7569432245078
261.0621783204692
70.5489813873691
981.0408752325576
66.672796568095
451.71461077662553
162.47181906586715
55.99531464073315
379.92011508559295
480.3056960441213
966.5101446089359
663.9306048412903
672.3092388440562
769.7500783778761
400.6789945293696
1.2940976502682222
495.87410054015334
45.407256869372084
797.9832008769047
816.6366036341865
878.7444197366028
649.319409479993
287.8937422399751
264.0771068852472
173.7126524222441
221.79594364869604
370.74250507020236
544.5945855610078
280.8139867314205
268.43423628942753
908.8093083023593
821.1828464777109
176.99730091745968
812.9052638373446
240.44996817183562
134.63392773253847
519.0642055279268
627.740270153375
8.701198271349853
682.6846192472246
65.42066864367114
2.2789428577473236
816.063278670958
213.94253396846062
703.785857776414
742.2862784363329
694.9412149600669
795.6205092002485
733.2303057531157
47.72311112248684
96.68666613087684
685.6186221717034
624.5940631191937
577.1095764558338
844.6268904072801
108.07561026503166
338.9076044966581
115.0347313482597
384.10987020296585
600.5747475467044
71.48669697387533
868.3208639315352
743.095790425304
676.1300974697656
15.365147629181397
595.1989118499947
270.19497888028656
481.4529915718948
506.5150458501072
39.12598299661718
722.7536970739901
616.7136393170408
534.8799161855201
252.2133750957669
665.8399980786872
67.23680950847289
261.7549304390612
974.389413213988
620.7332272959135
42.7779892837904
427.8373476636692
604.1567791237932
637.7448341083501
36.9461077323443
208.61848318720598
208.70689011760712
653.3248379527806
328.8969005152623
257.6119756212647
554.8197472805142
456.8234178492332
752.8473616733299
155.5194500703555
939.8284196589508
107.77921569722227
208.81332776074268
668.7631475165565
832.2139628711251
775.1610464810694
97.91188027662967
161.5668632775723
796.5843910368577
273.9839152247968
663.5426236265157
401.45169310254903
820.9640810714532
102.72415844640082
67.99098893844236
338.9076401024914
200.70919235311123
253.14381403873588
135.74944937836653
190.93714489531033
372.1032538107085
8.313372444390566
975.6680269750227
207.0338449172816
839.0896545060692
670.6041152369157
682.2265666755084
569.6685981191441
219.49893214541015
485.2851721759356
28.722125182643165
675.5086087180532
318.86911226978754
530.3294089626852
458.21212427231904
750.6607477985923
556.4874597292213
481.40998867954
510.2942184554734
841.869967796797
483.63820530013413
532.636160661827
75.40504873817599
249.17899466299366
987.3946757845063
309.9664518122319
696.9868986434057
763.5241859799685
662.2858099287073
214.46522736393737
453.5689205742728
265.77092366090807
983.1099614730366
496.3988576474537
535.0744618761036
905.9564300282846
887.2343556177619
546.256641266456
815.2233134273615
861.3460171313835
347.3147081470517
943.5720573095327
981.4519272095688
220.53431745228193
648.1755972358418
363.451272472753
919.2007936414325
255.255525136308
453.20126294783626
47.625948771249035
789.9837479287057
873.9957763851289
757.0034956527525
756.1389548547825
277.30652855646287
981.0252689774171
539.1635798160468
996.6262172316548
554.1270044340449
105.6233597623506
168.76890385645038
41.10741132002471
352.29128537410594
862.9517119170931
958.3690472043355
864.6849372069793
245.63331742056627
660.0896724633495
65.79161256953047
341.0105281190835
359.09766111297745
321.19386801658567
44.85656437414309
58.624543032441245
652.9552177296493
336.1111230975982
592.4393610014616
506.26938961093646
195.75469163117566
444.4962770832175
977.823794063443
126.7613257678114
632.4404860444814
520.6023758802307
491.8368252287659
115.5617922150931
390.7657589856143
423.5000950739052
441.15564161728895
524.7818632266448
561.0470813072579
515.8521267180313
643.6301893605382
288.274721298339
759.616366959685
296.83816749081194
645.6364879464829
488.6084059443858
184.56804104441414
406.6431136456621
382.21449756713923
745.4666045024803
949.1346622178751
538.5603997108348
142.63036617428136
701.578083963642
89.16947418111066
627.4082736853717
513.4592906155759
108.76047826620349
178.62545781480577
988.2373510166789
91.52368330187821
11.553261960917327
964.3424978622951
63.34313021155869
804.6129842309554
525.9109618689688
295.55140985485053
731.2768715104683
478.7005568426573
252.36389596651387
332.4026492933292
745.212352640591
247.78536638727567
756.496967265032
873.893329368756
529.3709592541119
397.02095202958685
480.2529873075896
228.24873672468104
349.56983259971366
547.6368050222893
436.1191976873421
195.87518495320467
900.9821177466177
28.77985543390327
618.8765710035148
46.80707950174545
519.8090108187778
307.2768274370374
256.1869061281655
251.02856095564385
978.5934636471735
706.6183190874557
277.94101566712726
430.8159686081803
658.0676696911586
107.7983806166295
159.91930746906792
892.5634196489026
576.7681640882458
446.60997507678024
913.7553333236075
484.90863236588575
902.6058334525716
126.98622911415004
205.33569545237995
226.53962615373914
6.23117401158757
418.51592681391594
588.7637227022748
785.7834919135913
44.95146607134326
246.16120653045505
725.1665617734236
526.9641660455547
402.20628647696697
942.7334686284091
458.6515231764818
460.2985645610046
415.34202568323155
629.5359793471233
347.6249504130661
406.1440067810691
971.2449283980856
903.2850598889801
78.6455461300719
761.4301367492415
62.09880205809337
889.4064855002848
537.9625125780502
397.3804691373033
492.44435305240796
377.5680720079081
795.7030951162518
327.1540908802284
427.84504906019373
846.9863286946131
594.7711949284683
977.9689835080999
291.39496211466854
964.903920803403
171.4556858380797
72.35179741168763
777.733404382354
669.9231328470009
359.4324197566914
163.56037548516832
302.2844367097044
770.3533191455892
221.18640634789378
276.2892383732416
304.28153940745386
109.66926679409805
778.0836236114725
682.040419571319
235.29418293703807
799.3654566926222
350.3839069726684
724.03834620078
870.573042583353
884.9793898731632
744.6156047811016
939.575659317782
633.1502669695365
17.23207507551139
986.120340261085
621.4665035473606
649.7284962009659
254.49258076926296
633.0096231046504
455.80286301308104
604.439144441328
146.91115577755733
313.30874976826885
908.1917873659002
259.4386885634984
299.84937497809983
918.0678723263338
69.51004725974718
474.4513336067233
743.431483239777
463.16130047109203
939.3210807295152
71.79918295074505
486.4973843291792
465.19994959489594
764.4600181179578
924.2046328352964
171.51142444738034
181.0893304384441
613.7594752871686
845.4565191892301
401.2395533664439
806.9320549222166
770.1919049262087
592.0048919418093
988.6108076695184
260.020789505945
468.1879553063296
467.47305832389327
680.9242761073573
812.3548854494469
376.46934747848707
883.8284517811934
450.7691842888489
935.3073827772234
821.3947216545278
118.28916647717813
807.5292919416713
159.48523512755608
388.5519638750792
943.9822920866898
303.60471667783173
823.2197881614511
978.8227825731159
354.86123329172716
399.5214532829087
722.2995031396958
699.4796559206978
416.8852952252292
722.0931344349092
632.4705593779124
833.0307184110834
39.0279746955714
846.9845435623562
733.9390956660008
9.551753447933908
614.7561424496548
414.5998832915052
268.3349317689322
649.8524376826366
857.2378189693843
939.3555040075013
200.07961151955632
326.500567100977
215.18746757669206
960.2284658842011
453.27677268412214
615.7308238103708
137.84243359344973
102.36210830801595
117.58405068040989
164.08692086061927
741.933212429265
992.7799693880247
958.536033794202
152.3582533412793
740.335787587916
220.22403202066664
9.243361636842362
101.28331212295049
967.3302374108277
321.25791650645976
63.517786626046345
527.4915786060017
263.0711484507483
714.2647544232493
590.0598923738619
517.7220575800236
505.8590362967302
818.4966580493503
424.8269857416884
215.1225101462685
967.2762381753528
593.5811028585931
758.4365226405367
202.05004832427886
363.4327153699004
590.3689847356486
233.92281219013168
624.4234870138225
38.14008646401146
972.1217106479265
671.2233108732687
394.3003692298784
292.1773043190598
747.4970117117725
464.99404764383445
593.7961041043362
375.8500184875815
26.79333586177446
897.2176084767434
659.1482526908869
495.4101456407226
453.75543980070165
836.9937366899811
15.073756538752537
836.9485438395731
548.1309715384916
269.9816463571384
613.5037826575228
533.9346472668511
450.83251220831744
53.64979482529741
562.8746554458038
112.26579891643773
490.51274353742866
374.68968365950593
387.75695651571726
874.8680631183389
396.6935180068969
394.78845214047544
504.0629712212792
207.06017446666058
421.3105065507401
352.62000327338814
357.2772894223435
634.3971347631493
934.9163239601844
947.9288035220239
720.0653771174922
118.73087826872653
120.98593577167594
648.5988058571935
471.1332924998264
157.13393674692512
767.1088361044993
337.79141019538895
602.9974664846683
138.98207090096105
682.9797368569303
551.7274534094116
990.0281481863834
948.7161415323102
19.18520176263694
724.329460386471
66.89403721658216
177.93547602447845
841.5973218615361
497.71084799266754
555.714523100801
451.05109720133976
187.99464757402652
55.14837576112552
884.7472368062653
286.9329028010898
79.70226378527411
517.74755586341
861.7100724551489
781.0581690002999
371.5336434785501
133.91502934996092
258.0082074759862
876.2635268083611
97.92567592190903
326.3881905476039
160.8082343888867
244.04051089501965
659.7848314702156
274.43598275746416
820.2484871612645
886.905223338484
264.56230974063243
956.1143105694297
826.3976776204541
942.105695292764
111.01806289839877
56.587819091403645
125.30438798465349
732.9505683818603
576.4656936800569
948.9793028547991
401.88711086949667
290.75495907439154
596.7444749453442
607.9763405630321
0.6005831129006767
412.8148448806077
499.6510597553012
946.8827280184294
236.63869129523863
961.3609981821786
199.4751858392384
823.5257120991364
328.6725796294101
916.09448676332
908.0565045901845
816.6827259615156
351.8897829410943
236.1936863805223
336.17245658478856
878.7184160166375
510.7105778465495
433.6930108338339
457.3034410487049
826.1188668808799
995.4466603000436
314.5765179992597
355.35994453560846
489.69855960973507
800.3067017724097
54.028827437564985
292.0497772756102
906.9395911296552
243.78043371048776
505.41594608715945
497.23915881956236
957.176506857362
220.4545681178971
676.1338183681794
424.9360207705362
608.4524865199412
345.9129903226944
86.62232462044228
847.6816260176532
254.1301517258858
21.003770316721848
346.8839254609125
376.839314548345
734.9511170601272
256.95746781606255
241.27841297289876
155.42181952465884
852.535752683174
904.9991503113044
657.0041903116855
905.9448504305542
725.7490387201798
319.4995932401299
577.0472317583991
240.01636078944298
570.3010156965648
10.01702266435811
693.5115285964586
667.4592325592336
16.125138756093893
405.5772360687887
855.8206365440981
296.89446899166785
347.4707360595125
272.4135784732651
177.65988042984293
260.4420773982753
867.6998914591339
979.5352349537226
293.71019709243075
273.7333536678991
518.6296931874178
863.3901550651124
752.7274421326207
451.0980259873718
717.7638617768371
112.56170489362528
659.9963155318579
558.5556542246975
577.1105857441426
67.15148244076286
56.39432753330165
534.3966008375886
180.23325846575767
972.5801059474338
128.22968597447738
77.29522894131958
506.6965911382073
124.39696580483029
393.42758720063273
482.04949753268346
697.1261788816831
355.75801986241953
705.4084113345784
207.00284960408456
196.50729859616766
909.8810788049102
238.62844101144654
667.1201049960164
946.7112444691994
695.3096359310435
410.85428892902496
613.8693395770956
581.0722663673798
917.4438818706041
204.9130628635152
93.22754145867663
824.252135000415
262.7976084228829
624.0934673210412
69.71723347452263
367.31681795290103
273.7580373603994
658.6294962568923
868.9351781854243
936.3189889679044
892.2465807756575
705.1684083534306
354.33903180595007
750.2174474974258
347.8364957285114
162.0266972918818
88.54396674931186
557.2153551856308
93.41303753703734
354.5402026819524
984.9621441312698
13.839822680351332
438.95237707316426
155.64566227867405
448.6212673723912
4.205462803249738
675.9440425943781
804.9496362098598
835.1395153661626
224.00949124513815
264.6810193443957
987.4107645749189
266.46396509503177
552.3515687148769
295.8467610961005
938.7723600306934
317.73667485269794
901.6841767252281
630.5626344607114
444.98933509940366
102.0448196244551
689.3785471354654
53.651155737599375
713.484586639143
271.993137301454
593.2022356172539
395.3388707009442
898.5699433486263
632.8008371692329
296.7884403820371
900.0205196134236
49.79401869465161
887.5050249639689
757.3168924055788
992.6018197463324
6.937721776530181
986.6290822569542
723.452133956725
888.7934877032877
840.5364330818728
862.2158732873862
866.4725788950392
687.4438886019315
827.4580240007059
227.94033511223589
332.16157775587385
452.77568431981643
572.8078034681135
884.1189256114363
779.7867698484017
842.6783891060066
343.2332044029406
906.5937320335831
87.62926698162433
608.4230351004329
407.66206558673326
789.2043869315842
970.0852460877917
49.10560440120726
882.7484566904257
704.9277501342115
321.5150424034142
191.02674568978483
301.8178879684239
211.34639436778423
921.96582940826
70.86288404398444
488.1824153911126
150.49853815873306
268.7801352669724
116.38293261000877
630.0707761896988
298.5909636446762
239.68915016303328
319.09868889656343
703.1077549414838
829.2650773813591
719.4135809272987
710.9645123983689
47.17911195462643
756.0111215108832
767.6621406712375
377.3289309387371
783.7998761766357
393.4822245604408
532.1292450335972
598.6116122505177
390.377786633419
553.4096799923667
568.9861293749001
669.4846990873478
754.8197725243044
793.8056457781755
764.3547594491539
699.0581232885778
71.17162258021725
12.871108896488792
914.3763126726562
112.0352017039229
58.527572481905764
394.50617178725355
515.3788267904843
356.86081349514575
856.7610349921167
530.3357752895616
765.4122602376141
994.6683681093593
774.1061561934956
666.9787833980237
527.7989288966298
977.0825897324331
418.12274053540057
462.9533060867204
316.49434962859647
237.81660222138058
786.3607524946764
949.6033700856451
276.80601223391585
640.5126923163476
49.0630072618915
296.2538833067375
532.3084673833623
136.61424064040483
457.9048131784201
536.0734983686402
253.13547560217697
860.1098786086154
360.1373158171637
559.7100520359257
643.34229872394
117.45100252203233
218.23032171413516
16.833204106098123
113.80853725938267
92.57494826185808
328.5021592506847
29.377707838487254
540.687260677547
484.26034086139515
152.35697400004278
344.5189582561079
739.209610555277
590.1277992165107
228.77326749183868
235.01640213409203
812.2554257899034
410.0242272465785
952.8073600954273
45.843401769253504
756.8740746841814
793.7637976586154
326.17586833417187
666.1976402555383
450.52626283165284
162.63929257519183
497.34105151155416
15.929390971295753
866.156181394042
853.1962949612252
697.5269630622981
848.6746735863748
318.4564416739518
56.52225349700224
548.7769927642487
712.8981980829042
456.63791373011077
33.71411573320493
774.2203961869891
266.9868391792479
392.9832160154672
240.57658030843254
876.4869775089517
272.6573455501572
197.57478243863036
453.9062319625032
584.6681447357834
408.0909515014469
272.8596934492763
584.4482395200935
800.0104671984901
958.0936733560203
59.56268995094982
323.6405059669382
271.7059228248795
779.9952469326273
786.047472680608
710.6855432843058
503.08875025075696
1.7215806149574187
432.36525198463283
869.4497752333513
633.1620528246173
488.43606162092743
891.4125708041225
488.93791242661365
693.711316837454
639.4028185013391
628.8564922631599
304.270937246233
245.37346405575644
219.7365437635662
12.972416483421512
579.220300123832
250.56109586581377
583.520647289601
264.7725834392435
733.0574958521225
438.642217901015
793.972472449859
649.2558099804769
934.7694875056249
366.4226520283328
497.4595433582808
461.12391628608106
167.03235561665863
670.6547166247669
580.5761581480423
992.6555177066024
262.8599895388762
297.75770320670716
198.73644730737817
141.97221920518078
325.16643260528974
886.0207062885562
487.44327189906124
623.2870785003129
580.6326204848021
509.13779597648
105.18797185332306
905.8688931677362
976.7969586520521
340.86729575361727
481.7464547621224
978.9409510762132
234.87230633411994
850.7652207460185
698.7141704083172
237.30954335290878
338.7083780531982
491.49053344884317
222.18406845910198
157.6627083637281
2.8066396445184383
877.1792590198916
827.3152290519398
116.52701833388845
153.15469404543046
338.70962129892223
574.9481261931164
728.560348773851
549.5509625986288
273.9144916556091
886.6141838588705
737.1603676803223
979.5614699511119
265.7458087423018
829.3265471296621
747.3432188604288
691.1559686316742
179.51838817539766
920.1574854099945
548.0809460984404
6.227138451157077
853.1938397922752
640.2431936642996
458.71515313087474
630.7290738439755
764.7776555779483
959.0764846800568
147.34088851520377
544.9631534473897
374.2370438309096
182.196405829522
902.4137315057291
775.572078502418
878.1138318139289
144.6698682705976
869.1193238799494
